51.0
32.0
32.0
50.0
65.0
57.0
49.0
80.0
84.0
57.0
53.0
50.0
50.0
69.0
67.0
88.0
49.0
55.0
53.0
50.0
71.0
48.0
53.0
53.0
50.0
71.0
48.0
53.0
53.0
50.0
80.0
89.0
75.0
50.0
56.0
57.0
86.0
54.0
83.0
88.0
88.0
54.0
50.0
84.0
86.0
48.0
50.0
50.0
85.0
77.0
74.0
49.0
48.0
57.0
50.0
86.0
88.0
82.0
51.0
48.0
48.0
50.0
87.0
73.0
74.0
51.0
48.0
53.0
50.0
88.0
82.0
75.0
51.0
50.0
79.0
50.0
90.0
76.0
51.0
66.0
83.0
75.0
56.0
50.0
56.0
51.0
68.0
72.0
83.0
53.0
48.0
49.0
51.0
71.0
88.0
80.0
49.0
48.0
54.0
49.0
32.0
51.0
74.0
88.0
86.0
55.0
51.0
57.0
51.0
76.0
82.0
86.0
51.0
56.0
53.0
51.0
76.0
82.0
86.0
51.0
56.0
53.0
51.0
76.0
82.0
86.0
51.0
56.0
53.0
51.0
74.0
78.0
51.0
57.0
55.0
74.0
79.0
51.0
49.0
48.0
57.0
56.0
51.0
77.0
85.0
72.0
48.0
53.0
48.0
32.0
51.0
78.0
74.0
76.0
56.0
52.0
56.0
51.0
77.0
88.0
76.0
79.0
50.0
51.0
78.0
51.0
50.0
49.0
51.0
80.0
71.0
82.0
56.0
56.0
56.0
82.0
74.0
84.0
57.0
50.0
54.0
51.0
88.0
57.0
51.0
83.0
67.0
90.0
56.0
57.0
53.0
51.0
83.0
80.0
48.0
51.0
84.0
69.0
53.0
51.0
70.0
65.0
56.0
52.0
51.0
84.0
70.0
66.0
56.0
79.0
53.0
51.0
86.0
80.0
88.0
57.0
49.0
48.0
51.0
89.0
77.0
51.0
51.0
49.0
88.0
72.0
75.0
56.0
83.0
57.0
52.0
65.0
71.0
86.0
50.0
49.0
56.0
52.0
79.0
75.0
49.0
49.0
50.0
52.0
66.0
72.0
82.0
54.0
48.0
57.0
83.0
56.0
52.0
67.0
76.0
84.0
51.0
55.0
49.0
52.0
67.0
85.0
67.0
79.0
56.0
56.0
67.0
52.0
52.0
52.0
78.0
88.0
50.0
53.0
68.0
85.0
55.0
57.0
68.0
85.0
55.0
57.0
52.0
69.0
67.0
88.0
52.0
53.0
48.0
86.0
50.0
56.0
49.0
52.0
69.0
83.0
56.0
55.0
55.0
69.0
85.0
66.0
54.0
55.0
56.0
70.0
56.0
57.0
50.0
70.0
78.0
74.0
53.0
55.0
51.0
52.0
81.0
68.0
51.0
56.0
65.0
50.0
50.0
52.0
52.0
71.0
72.0
89.0
51.0
50.0
52.0
57.0
79.0
82.0
50.0
50.0
45.0
53.0
89.0
49.0
54.0
48.0
49.0
57.0
57.0
55.0
69.0
90.0
69.0
89.0
70.0
51.0
83.0
65.0
76.0
70.0
65.0
53.0
55.0
68.0
83.0
72.0
70.0
65.0
76.0
89.0
71.0
56.0
69.0
65.0
70.0
56.0
71.0
65.0
89.0
50.0
52.0
55.0
71.0
79.0
68.0
54.0
54.0
54.0
72.0
74.0
69.0
84.0
72.0
52.0
54.0
50.0
89.0
89.0
70.0
54.0
82.0
84.0
72.0
54.0
72.0
79.0
82.0
53.0
83.0
49.0
72.0
84.0
57.0
55.0
50.0
74.0
57.0
57.0
57.0
78.0
83.0
88.0
65.0
54.0
50.0
85.0
65.0
82.0
74.0
72.0
69.0
82.0
69.0
71.0
48.0
50.0
89.0
89.0
68.0
56.0
84.0
66.0
65.0
68.0
70.0
54.0
57.0
70.0
86.0
90.0
56.0
