55.0
81.0
77.0
76.0
50.0
73.0
73.0
65.0
68.0
78.0
73.0
52.0
88.0
68.0
65.0
76.0
52.0
72.0
78.0
65.0
78.0
73.0
57.0
65.0
49.0
74.0
73.0
50.0
53.0
73.0
73.0
55.0
74.0
52.0
50.0
65.0
89.0
73.0
76.0
50.0
49.0
73.0
72.0
86.0
85.0
49.0
73.0
66.0
50.0
69.0
67.0
88.0
49.0
55.0
53.0
90.0
70.0
48.0
65.0
53.0
53.0
90.0
80.0
89.0
75.0
90.0
56.0
55.0
88.0
78.0
76.0
73.0
86.0
86.0
89.0
50.0
83.0
88.0
88.0
84.0
55.0
90.0
49.0
86.0
72.0
48.0
73.0
90.0
50.0
85.0
72.0
74.0
49.0
48.0
57.0
90.0
86.0
88.0
82.0
51.0
48.0
48.0
50.0
78.0
73.0
74.0
51.0
48.0
53.0
48.0
73.0
73.0
73.0
65.0
50.0
88.0
82.0
75.0
51.0
50.0
48.0
82.0
55.0
52.0
52.0
73.0
89.0
51.0
66.0
51.0
75.0
56.0
90.0
56.0
86.0
87.0
65.0
51.0
66.0
72.0
83.0
54.0
48.0
49.0
51.0
48.0
88.0
80.0
49.0
48.0
54.0
73.0
85.0
73.0
87.0
86.0
65.0
88.0
50.0
81.0
51.0
74.0
88.0
86.0
55.0
51.0
57.0
49.0
76.0
78.0
70.0
53.0
84.0
53.0
51.0
76.0
82.0
86.0
74.0
56.0
53.0
51.0
82.0
86.0
51.0
66.0
54.0
76.0
89.0
76.0
76.0
74.0
84.0
74.0
51.0
74.0
78.0
51.0
50.0
55.0
74.0
74.0
74.0
48.0
51.0
49.0
48.0
66.0
57.0
66.0
76.0
74.0
72.0
85.0
72.0
48.0
53.0
68.0
51.0
52.0
86.0
72.0
51.0
54.0
73.0
84.0
81.0
76.0
55.0
51.0
82.0
74.0
76.0
56.0
65.0
56.0
51.0
72.0
73.0
76.0
48.0
90.0
75.0
51.0
86.0
72.0
51.0
90.0
73.0
74.0
80.0
48.0
82.0
56.0
56.0
56.0
88.0
73.0
52.0
73.0
74.0
72.0
74.0
70.0
50.0
90.0
74.0
74.0
82.0
88.0
57.0
76.0
51.0
83.0
67.0
90.0
56.0
50.0
53.0
51.0
53.0
70.0
54.0
53.0
48.0
51.0
83.0
89.0
65.0
55.0
55.0
56.0
73.0
52.0
76.0
82.0
73.0
73.0
84.0
76.0
76.0
51.0
70.0
65.0
56.0
49.0
65.0
51.0
49.0
70.0
66.0
56.0
48.0
53.0
51.0
55.0
80.0
88.0
73.0
50.0
50.0
85.0
65.0
80.0
81.0
51.0
65.0
55.0
68.0
55.0
86.0
75.0
78.0
86.0
51.0
86.0
80.0
88.0
50.0
73.0
48.0
49.0
53.0
74.0
73.0
73.0
89.0
50.0
55.0
49.0
51.0
80.0
89.0
72.0
51.0
51.0
49.0
74.0
88.0
72.0
73.0
56.0
53.0
57.0
73.0
52.0
87.0
85.0
65.0
65.0
48.0
86.0
90.0
49.0
56.0
76.0
66.0
56.0
75.0
73.0
73.0
50.0
65.0
80.0
72.0
82.0
54.0
48.0
55.0
76.0
87.0
53.0
56.0
53.0
74.0
67.0
71.0
53.0
52.0
73.0
74.0
65.0
67.0
76.0
73.0
51.0
55.0
49.0
78.0
81.0
80.0
88.0
75.0
76.0
67.0
85.0
67.0
48.0
56.0
56.0
65.0
67.0
78.0
82.0
48.0
65.0
76.0
65.0
68.0
78.0
88.0
90.0
53.0
52.0
49.0
86.0
73.0
90.0
65.0
66.0
85.0
76.0
48.0
55.0
50.0
76.0
69.0
67.0
88.0
76.0
53.0
48.0
76.0
76.0
86.0
50.0
56.0
73.0
65.0
69.0
51.0
68.0
56.0
55.0
55.0
65.0
69.0
85.0
66.0
52.0
55.0
56.0
73.0
73.0
73.0
73.0
73.0
73.0
73.0
73.0
85.0
80.0
78.0
51.0
53.0
55.0
51.0
65.0
81.0
68.0
51.0
56.0
65.0
70.0
73.0
65.0
90.0
90.0
76.0
65.0
71.0
66.0
89.0
51.0
55.0
76.0
55.0
50.0
55.0
73.0
68.0
67.0
53.0
55.0
74.0
73.0
49.0
57.0
48.0
90.0
51.0
49.0
52.0
68.0
75.0
53.0
89.0
73.0
54.0
48.0
49.0
54.0
90.0
76.0
85.0
84.0
69.0
90.0
69.0
89.0
70.0
51.0
83.0
65.0
76.0
70.0
65.0
83.0
55.0
66.0
83.0
72.0
70.0
65.0
76.0
76.0
89.0
57.0
85.0
71.0
56.0
69.0
65.0
70.0
56.0
56.0
73.0
80.0
73.0
48.0
65.0
89.0
50.0
52.0
55.0
71.0
48.0
68.0
54.0
54.0
54.0
72.0
74.0
69.0
84.0
72.0
52.0
56.0
50.0
89.0
89.0
70.0
72.0
54.0
72.0
84.0
72.0
72.0
66.0
54.0
66.0
72.0
66.0
82.0
53.0
83.0
72.0
49.0
84.0
72.0
86.0
73.0
49.0
57.0
55.0
50.0
74.0
57.0
57.0
57.0
78.0
83.0
88.0
55.0
55.0
55.0
55.0
55.0
77.0
72.0
82.0
73.0
74.0
72.0
69.0
82.0
69.0
71.0
76.0
48.0
48.0
50.0
89.0
89.0
68.0
51.0
84.0
74.0
49.0
74.0
55.0
65.0
83.0
72.0
48.0
73.0
48.0
75.0
49.0
53.0
78.0
88.0
73.0
74.0
85.0
56.0
78.0
84.0
66.0
65.0
68.0
85.0
70.0
68.0
54.0
57.0
75.0
68.0
49.0
68.0
73.0
72.0
73.0
86.0
90.0
87.0
49.0
73.0
56.0
73.0
65.0
50.0
86.0
